12365
3 -7 0 0 3 12 2 3 -1 8
-7 4 3 -12 -4 -3 -11 -10 11 -3
1 -6 1 -8 -3 14 3 4 0 0
9 -3 -7 1 2 7 -9 4 6 -1
-11 3 13 7 4 -13 9 -8 -6 12
-5 -8 16 -6 -1 9 -4 3 16 -3
4 -10 13 -2 -2 12 -2 13 16 -11
-1 -8 16 -3 -7 4 14 9 3 -8
-1 -6 16 4 2 1 -4 6 16 -6
8 -2 7 13 2 -7 -6 13 15 -16
1 -5 12 1 -1 5 -5 10 16 -12
-4 -2 8 -8 -3 6 -1 -1 6 0
2 -1 -1 9 9 -1 -10 -1 6 6
-10 4 6 -16 -11 -2 4 -5 1 -10
10 -4 -6 0 -2 12 -1 12 2 -9
0 1 0 -6 -7 0 10 1 -7 -3
-8 1 5 -12 -4 1 -4 -8 6 0
2 -8 3 11 10 10 6 5 -6 15
10 -2 -6 16 4 -2 12 11 -13 1
7 5 -7 14 4 -14 -2 1 -3 -1
0 -5 -5 -5 8 -2 -5 6 12 3 5 8 2 -8 3 6 -5 2 5 -9
1 -5 9 -9 -8 1 -14 -12 -16 -14 -11 -10 -14 -6 12 -5 -11 -8 5 3
-5 -1 -8 -5 6 5 -3 8 16 8 3 4 3 -2 0 8 3 9 2 -11
-6 6 4 -1 -4 3 4 3 -3 -2 -6 -12 -3 3 3 -7 -1 10 0 3
8 -11 4 4 10 -13 -14 -13 0 -10 7 13 -7 -15 -2 6 -12 -15 9 -4
-4 0 6 -3 -1 -2 -9 -8 -8 -12 -10 -13 -13 -8 4 -4 -7 4 5 0
8 -5 13 2 -3 -8 3 -1 -7 -5 9 10 2 1 10 -9 -16 -15 6 9
3 1 -3 -1 -10 9 8 3 -2 11 3 6 10 16 -1 1 11 -8 -9 5
8 -2 13 1 -9 -3 12 5 -7 2 11 11 9 12 12 -12 -12 -15 2 13
2 2 -1 -3 -9 7 7 4 -5 6 -1 0 6 11 4 -3 5 -4 -6 5